第1张图像的外参数矩阵:
(1)旋转矩阵：
[[-0.43988091 -0.88243045  0.16679716]
 [ 0.86238385 -0.36323127  0.35264307]
 [-0.25059704  0.29896413  0.92077227]]
(2)平移矩阵：
[[ 0.86750312 -0.49738015  0.00716393]
 [ 0.49215026  0.8561103  -0.15768094]
 [ 0.07229426  0.14031443  0.98746413]]
第2张图像的外参数矩阵:
(1)旋转矩阵：
[[-0.99900842  0.03117946 -0.03178092]
 [-0.03010777 -0.99897975 -0.03365965]
 [-0.03279798 -0.03266942  0.99892793]]
(2)平移矩阵：
[[ 0.48644666  0.80639665 -0.33629464]
 [-0.7605839   0.5802602   0.29122195]
 [ 0.4299788   0.11411634  0.89559795]]
第3张图像的外参数矩阵:
(1)旋转矩阵：
[[ 0.27930882 -0.95452124  0.10428708]
 [ 0.91420555  0.23114407 -0.33286729]
 [ 0.29362356  0.18831259  0.93718919]]
(2)平移矩阵：
[[ 0.07312862 -0.99491932  0.06919353]
 [ 0.92972799  0.04290089 -0.36573949]
 [ 0.36091283  0.09107719  0.92814163]]
第4张图像的外参数矩阵:
(1)旋转矩阵：
[[ 0.13579465 -0.97577325 -0.17154117]
 [ 0.96746708  0.09329641  0.23516639]
 [-0.2134649  -0.19789477  0.95669765]]
(2)平移矩阵：
[[ 0.58555715  0.77107753  0.25012449]
 [-0.81054815  0.55251392  0.19426804]
 [ 0.01159846 -0.31649299  0.94852394]]
第5张图像的外参数矩阵:
(1)旋转矩阵：
[[ 0.87425584 -0.48296621  0.04919733]
 [ 0.46510258  0.80423037 -0.36999068]
 [ 0.13912701  0.34634832  0.92773192]]
(2)平移矩阵：
[[ 0.64605866 -0.75275513 -0.12636428]
 [ 0.76047794  0.64899029  0.02202036]
 [ 0.06543326 -0.11032369  0.99173947]]
第6张图像的外参数矩阵:
(1)旋转矩阵：
[[ 0.96365352  0.15758084 -0.2157317 ]
 [-0.13831926  0.98514805  0.10174035]
 [ 0.22856    -0.0682026   0.97113785]]
(2)平移矩阵：
[[-0.84988858 -0.18641212 -0.49288935]
 [ 0.34858383 -0.90033379 -0.26055399]
 [-0.39519452 -0.39325512  0.83016366]]
第7张图像的外参数矩阵:
(1)旋转矩阵：
[[ 0.99030436 -0.04518303  0.13136119]
 [ 0.05199293  0.99745047 -0.04888042]
 [-0.12881771  0.05523635  0.99012875]]
(2)平移矩阵：
[[ 0.98893582  0.14505454  0.03106656]
 [-0.14389346  0.98890763 -0.03682884]
 [-0.03606415  0.03195109  0.99883858]]
第8张图像的外参数矩阵:
(1)旋转矩阵：
[[ 0.95746121  0.28852142 -0.00483837]
 [-0.27725423  0.92446003  0.26173219]
 [ 0.07998823 -0.24925696  0.96512841]]
(2)平移矩阵：
[[-0.80917518 -0.35259539 -0.4700128 ]
 [ 0.48690007 -0.85013628 -0.20049096]
 [-0.32888274 -0.39108157  0.85958789]]
第9张图像的外参数矩阵:
(1)旋转矩阵：
[[ 9.80609993e-01 -5.66588561e-04  1.95968675e-01]
 [-7.83054474e-02  9.15561724e-01  3.94480654e-01]
 [-1.79644926e-01 -4.02177086e-01  8.97764608e-01]]
(2)平移矩阵：
[[-0.05229772 -0.92265881 -0.38205455]
 [ 0.99804602 -0.06138974  0.01163775]
 [-0.0341919  -0.38069939  0.92406649]]
