第1张图像的外参数矩阵:
(1)旋转矩阵：
[[-0.43988091 -0.88243045  0.16679716]
 [ 0.86238384 -0.36323124  0.35264314]
 [-0.25059711  0.29896416  0.92077224]]
(2)平移矩阵：
[[ 0.86747859 -0.49742287  0.00716854]
 [ 0.49219201  0.85608366 -0.15769523]
 [ 0.07230434  0.14032554  0.98746181]]
第2张图像的外参数矩阵:
(1)旋转矩阵：
[[-0.99900842  0.03117946 -0.03178093]
 [-0.03010777 -0.99897976 -0.03365961]
 [-0.032798   -0.03266938  0.99892793]]
(2)平移矩阵：
[[ 0.48649085  0.80637277 -0.33628798]
 [-0.76056397  0.58029632  0.29120204]
 [ 0.42996408  0.11410139  0.89560693]]
第3张图像的外参数矩阵:
(1)旋转矩阵：
[[ 0.27930883 -0.95452123  0.10428708]
 [ 0.91420556  0.23114408 -0.33286726]
 [ 0.29362353  0.18831259  0.9371892 ]]
(2)平移矩阵：
[[ 0.07308409 -0.99492188  0.0692038 ]
 [ 0.92972747  0.04285488 -0.36574622]
 [ 0.36092319  0.0910709   0.92813821]]
第4张图像的外参数矩阵:
(1)旋转矩阵：
[[ 0.13579465 -0.97577326 -0.17154114]
 [ 0.96746706  0.09329639  0.23516646]
 [-0.21346497 -0.19789475  0.95669764]]
(2)平移矩阵：
[[ 0.58559464  0.77105416  0.25010877]
 [-0.81052118  0.55255439  0.19426546]
 [ 0.01159049 -0.31647927  0.94852862]]
第5张图像的外参数矩阵:
(1)旋转矩阵：
[[ 0.87425584 -0.4829662   0.04919733]
 [ 0.46510258  0.80423039 -0.36999064]
 [ 0.13912699  0.34634829  0.92773194]]
(2)平移矩阵：
[[ 0.6460188  -0.75278806 -0.12637185]
 [ 0.76051174  0.64895076  0.02201832]
 [ 0.06543398 -0.11033153  0.99173855]]
第6张图像的外参数矩阵:
(1)旋转矩阵：
[[ 0.9636536   0.15758085 -0.21573136]
 [-0.1383193   0.98514805  0.1017403 ]
 [ 0.22855965 -0.0682026   0.97113794]]
(2)平移矩阵：
[[-0.84990075 -0.18636952 -0.49288448]
 [ 0.34854218 -0.90034632 -0.26056642]
 [-0.39520509 -0.39324663  0.83016265]]
第7张图像的外参数矩阵:
(1)旋转矩阵：
[[ 0.99030437 -0.04518303  0.13136114]
 [ 0.05199292  0.99745047 -0.04888044]
 [-0.12881766  0.05523636  0.99012876]]
(2)平移矩阵：
[[ 0.98894246  0.14501106  0.03105802]
 [-0.14385068  0.98891429 -0.03681711]
 [-0.03605261  0.03194228  0.99883928]]
第8张图像的外参数矩阵:
(1)旋转矩阵：
[[ 0.95746121  0.28852142 -0.0048384 ]
 [-0.27725421  0.92446002  0.26173226]
 [ 0.07998827 -0.24925702  0.96512839]]
(2)平移矩阵：
[[-0.80919491 -0.35255363 -0.47001014]
 [ 0.48685967 -0.85015649 -0.20050336]
 [-0.32889398 -0.39107528  0.85958645]]
第9张图像的外参数矩阵:
(1)旋转矩阵：
[[ 9.80609993e-01 -5.66593468e-04  1.95968674e-01]
 [-7.83054587e-02  9.15561688e-01  3.94480736e-01]
 [-1.79644920e-01 -4.02177168e-01  8.97764573e-01]]
(2)平移矩阵：
[[-0.05234341 -0.92265286 -0.38206266]
 [ 0.99804329 -0.06143585  0.01162892]
 [-0.0342018  -0.38070637  0.92406325]]
